# Nmap 7.60 scan initiated Thu Nov 12 20:08:43 2020 as: nmap -sV -oN vulscanID.txt --script=vulscan/vulscan.nse --script-args vulscanoutput=listid 192.168.1.8
Nmap scan report for 192.168.1.8
Host is up (0.00017s latency).
Not shown: 998 closed ports
PORT   STATE SERVICE VERSION
22/tcp open  ssh     OpenSSH 8.3p1 Debian 1 (protocol 2.0)
| vulscan: VulDB - https://vuldb.com:
| 143750
| 143634
| 130671
| 130371
| 130370
| 130369
| 129007
| 123343
| 123011
| 112267
| 108627
| 98661
| 94611
| 94610
| 94608
| 94607
| 92877
| 92825
| 92997
| 92412
| 90671
| 90405
| 90404
| 90403
| 89622
| 82642
| 81468
| 81467
| 81466
| 81465
| 81320
| 80656
| 80330
| 80267
| 80266
| 76870
| 76326
| 73128
| 12724
| 12683
| 12124
| 11124
| 7623
| 60558
| 4584
| 56678
| 4282
| 55641
| 86633
| 44077
| 43823
| 43307
| 
| MITRE CVE - https://cve.mitre.org:
| CVE-2010-4755
| CVE-2007-4654
| CVE-1999-0661
| 
| SecurityFocus - https://www.securityfocus.com/bid/:
| 102780
| 101552
| 94977
| 94975
| 94972
| 94968
| 93776
| 92212
| 92210
| 92209
| 91812
| 90440
| 90340
| 89385
| 88655
| 88513
| 88367
| 87789
| 86187
| 86144
| 84427
| 84314
| 84185
| 81293
| 80698
| 80695
| 76497
| 76317
| 75990
| 75525
| 71420
| 68757
| 66459
| 66355
| 65674
| 65230
| 63605
| 61286
| 58894
| 58162
| 54114
| 51702
| 50416
| 49473
| 48507
| 47691
| 46155
| 45304
| 36552
| 32319
| 30794
| 30339
| 30276
| 28531
| 28444
| 26097
| 25628
| 23601
| 20956
| 20418
| 20245
| 20241
| 20216
| 16892
| 14963
| 14729
| 14727
| 11781
| 9986
| 9040
| 8677
| 8628
| 7831
| 7482
| 7467
| 7343
| 6168
| 5374
| 5093
| 4560
| 4241
| 3614
| 3560
| 3369
| 3345
| 2917
| 2825
| 2356
| 1949
| 1334
| 
| IBM X-Force - https://exchange.xforce.ibmcloud.com:
| 83258
| 82781
| 82231
| 74809
| 72756
| 68339
| 67264
| 65910
| 65163
| 64387
| 63337
| 46620
| 45202
| 44747
| 44280
| 44279
| 44037
| 43940
| 41549
| 41438
| 40897
| 40587
| 37371
| 37118
| 37112
| 37107
| 36637
| 35167
| 34490
| 33794
| 32975
| 32387
| 32359
| 32230
| 32132
| 30120
| 29255
| 29254
| 29158
| 28147
| 25116
| 24305
| 22665
| 22117
| 22115
| 20930
| 19441
| 17213
| 16323
| 13797
| 13271
| 13264
| 13215
| 13214
| 13191
| 12196
| 11970
| 11902
| 9803
| 9763
| 9307
| 9169
| 8896
| 8697
| 8383
| 7647
| 7634
| 7598
| 7179
| 6757
| 6676
| 6084
| 5517
| 4646
| 
| Exploit-DB - https://www.exploit-db.com:
| 21579
| 21578
| 21402
| 21314
| 20253
| 17462
| 14866
| 6094
| 3303
| 2444
| 1572
| 258
| 26
| 25
| 
| OpenVAS (Nessus) - http://www.openvas.org:
| 902488
| 900179
| 881183
| 880802
| 880746
| 870763
| 870129
| 861813
| 861319
| 861170
| 861012
| 840345
| 840300
| 840271
| 840268
| 840259
| 840214
| 831074
| 830929
| 830807
| 830603
| 830523
| 830317
| 830191
| 802407
| 103503
| 103247
| 103064
| 100584
| 100153
| 66170
| 65987
| 65819
| 65514
| 65513
| 65334
| 65248
| 65218
| 65169
| 65126
| 65019
| 65015
| 64931
| 61639
| 61030
| 61029
| 60840
| 60803
| 60667
| 59014
| 58741
| 57919
| 57895
| 57585
| 57492
| 57483
| 57476
| 57470
| 56352
| 56330
| 56294
| 53964
| 53885
| 53884
| 53788
| 52638
| 52635
| 11343
| 10954
| 10883
| 10823
| 
| SecurityTracker - https://www.securitytracker.com:
| 1028187
| 1026593
| 1025739
| 1025482
| 1025028
| 1022967
| 1021235
| 1020891
| 1020730
| 1020537
| 1019733
| 1019707
| 1017756
| 1017183
| 1016940
| 1016939
| 1016931
| 1016672
| 1015706
| 1015540
| 1014845
| 1011193
| 1011143
| 1007791
| 1007716
| 1006926
| 1006688
| 1004818
| 1004616
| 1004391
| 1004115
| 1003758
| 1002895
| 1002748
| 1002734
| 1002455
| 1002432
| 1001683
| 
| OSVDB - http://www.osvdb.org:
| 92034
| 90474
| 90007
| 81500
| 78706
| 75753
| 75249
| 75248
| 72183
| 70873
| 69658
| 67743
| 59353
| 58495
| 56921
| 53021
| 50036
| 49386
| 48791
| 47635
| 47227
| 45873
| 43911
| 43745
| 43371
| 39214
| 37315
| 34850
| 34601
| 34600
| 32721
| 30232
| 29494
| 29266
| 29264
| 29152
| 27745
| 23797
| 22692
| 20216
| 19142
| 19141
| 18236
| 16567
| 16039
| 9562
| 9550
| 6601
| 6245
| 6073
| 6072
| 6071
| 5536
| 5408
| 5113
| 4536
| 3938
| 3456
| 2557
| 2140
| 2112
| 2109
| 1853
| 839
| 781
| 730
| 688
| 642
| 504
| 341
|_
80/tcp open  http    Apache httpd 2.4.46 ((Debian))
|_http-server-header: Apache/2.4.46 (Debian)
| vulscan: VulDB - https://vuldb.com:
| 152664
| 152665
| 9673
| 142325
| 142324
| 142323
| 142187
| 136374
| 136373
| 136372
| 133112
| 133111
| 130341
| 130330
| 130329
| 124447
| 121910
| 122569
| 115061
| 115060
| 115059
| 115058
| 115057
| 115039
| 114258
| 108069
| 104986
| 103521
| 94627
| 94626
| 94625
| 93958
| 89669
| 88747
| 88667
| 77083
| 76733
| 76732
| 76731
| 74367
| 73106
| 68575
| 68435
| 67183
| 67180
| 67185
| 67184
| 67182
| 67181
| 13300
| 13299
| 12667
| 9683
| 7202
| 62417
| 6092
| 6090
| 
| MITRE CVE - https://cve.mitre.org:
| CVE-2012-4558
| CVE-2012-3499
| CVE-2013-2249
| CVE-2012-3502
| CVE-2012-3451
| CVE-2012-2687
| CVE-2012-2379
| CVE-2012-2378
| CVE-2012-0883
| CVE-2011-2516
| 
| SecurityFocus - https://www.securityfocus.com/bid/:
| 42102
| 27237
| 15413
| 15177
| 6065
| 5816
| 5486
| 5485
| 5434
| 5256
| 4057
| 4056
| 
| IBM X-Force - https://exchange.xforce.ibmcloud.com:
| 75211
| 
| Exploit-DB - https://www.exploit-db.com:
| 31052
| 30901
| 30835
| 28424
| 28365
| 27915
| 27135
| 26710
| 24590
| 23581
| 23482
| 23481
| 23296
| 23282
| 22191
| 21854
| 21719
| 21697
| 20272
| 19828
| 18984
| 18329
| 17691
| 15319
| 14617
| 11650
| 8458
| 5330
| 3996
| 2237
| 1056
| 855
| 132
| 38
| 34
| 11
| 9
| 
| OpenVAS (Nessus) - http://www.openvas.org:
| 855524
| 855077
| 100858
| 72626
| 71551
| 71550
| 71485
| 71256
| 71238
| 70724
| 70235
| 70233
| 69988
| 69338
| 65131
| 64426
| 61381
| 60582
| 58745
| 57851
| 56246
| 55392
| 55129
| 54739
| 54724
| 54712
| 54689
| 54677
| 54610
| 54601
| 54590
| 54582
| 54529
| 54499
| 54498
| 11092
| 66081
| 66074
| 66070
| 65893
| 65888
| 65510
| 65249
| 65230
| 65228
| 65207
| 65136
| 65017
| 
| SecurityTracker - https://www.securitytracker.com:
| 1008196
| 1007143
| 1006444
| 1005963
| 1004770
| 
| OSVDB - http://www.osvdb.org:
| 20897
|_
Service Info: OS: Linux; CPE: cpe:/o:linux:linux_kernel

Service detection performed. Please report any incorrect results at https://nmap.org/submit/ .
# Nmap done at Thu Nov 12 20:09:07 2020 -- 1 IP address (1 host up) scanned in 24.30 seconds
